[LEFT_CAM_2K]
cx=1114.49
cy=674.769
fx=1409.4
fy=1409.4
k1=-0.17338427631695663
k2=0.03051526444091593
k3=-0.0016859620071160992
p1=-0.00027551423278844263
p2=-0.0009717200591741834

[LEFT_CAM_FHD]
cx=970.494
cy=593.769
fx=1409.4
fy=1409.4
k1=-0.17338427631695663
k2=0.03051526444091593
k3=-0.0016859620071160992
p1=-0.00027551423278844263
p2=-0.0009717200591741834

[LEFT_CAM_HD]
cx=643.747
cy=385.385
fx=704.702
fy=704.702
k1=-0.17338427631695663
k2=0.03051526444091593
k3=-0.0016859620071160992
p1=-0.00027551423278844263
p2=-0.0009717200591741834

[LEFT_CAM_VGA]
cx=337.374
cy=200.192
fx=352.351
fy=352.351
k1=-0.17338427631695663
k2=0.03051526444091593
k3=-0.0016859620071160992
p1=-0.00027551423278844263
p2=-0.0009717200591741834

[RIGHT_CAM_2K]
cx=1103.48
cy=588.818
fx=1373.16
fy=1373.16
k1=-0.15941580692800295
k2=0.01966915339286932
k3=0.001702460333032722
p1=0.00019987021988618917
p2=-0.00020759076503640303

[RIGHT_CAM_FHD]
cx=959.481
cy=507.818
fx=1373.16
fy=1373.16
k1=-0.15941580692800295
k2=0.01966915339286932
k3=0.001702460333032722
p1=0.00019987021988618917
p2=-0.00020759076503640303

[RIGHT_CAM_HD]
cx=638.241
cy=342.409
fx=686.578
fy=686.578
k1=-0.15941580692800295
k2=0.01966915339286932
k3=0.001702460333032722
p1=0.00019987021988618917
p2=-0.00020759076503640303

[RIGHT_CAM_VGA]
cx=334.62
cy=178.704
fx=343.289
fy=343.289
k1=-0.15941580692800295
k2=0.01966915339286932
k3=0.001702460333032722
p1=0.00019987021988618917
p2=-0.00020759076503640303

[STEREO]
Baseline=119.978
CV_2K=-0.0200186
CV_FHD=-0.0200186
CV_HD=-0.0200186
CV_VGA=-0.0200186
RX_2K=0.0106773
RX_FHD=0.0106773
RX_HD=0.0106773
RX_VGA=0.0106773
RZ_2K=-0.00027087
RZ_FHD=-0.00027087
RZ_HD=-0.00027087
RZ_VGA=-0.00027087
