[LEFT_CAM_2K]
fx=1399.12
fy=1399.12
cx=1070.65
cy=606.886
k1=-0.171709
k2=0.0244876
p1=0
p2=0
k3=0

[RIGHT_CAM_2K]
fx=1400.91
fy=1400.91
cx=1144.31
cy=629.564
k1=-0.173532
k2=0.0259858
p1=0
p2=0
k3=0

[LEFT_CAM_FHD]
fx=1399.12
fy=1399.12
cx=926.65
cy=525.886
k1=-0.171709
k2=0.0244876
p1=0
p2=0
k3=0

[RIGHT_CAM_FHD]
fx=1400.91
fy=1400.91
cx=1000.31
cy=548.564
k1=-0.173532
k2=0.0259858
p1=0
p2=0
k3=0

[LEFT_CAM_HD]
fx=699.56
fy=699.56
cx=621.825
cy=351.443
k1=-0.171709
k2=0.0244876
p1=0
p2=0
k3=0

[RIGHT_CAM_HD]
fx=700.455
fy=700.455
cx=658.655
cy=362.782
k1=-0.173532
k2=0.0259858
p1=0
p2=0
k3=0

[LEFT_CAM_VGA]
fx=349.78
fy=349.78
cx=326.4125
cy=183.2215
k1=-0.171709
k2=0.0244876
p1=0
p2=0
k3=0

[RIGHT_CAM_VGA]
fx=350.2275
fy=350.2275
cx=344.8275
cy=188.891
k1=-0.173532
k2=0.0259858
p1=0
p2=0
k3=0

[STEREO]
Baseline=120
TY=0
TZ=0
CV_2K=0.00167632
CV_FHD=0.00167632
CV_HD=0.00167632
CV_VGA=0.00167632
RX_2K=0.00543576
RX_FHD=0.00543576
RX_HD=0.00543576
RX_VGA=0.00543576
RZ_2K=0.00035147
RZ_FHD=0.00035147
RZ_HD=0.00035147
RZ_VGA=0.00035147

[MISC]
Sensor_ID=0


